0	6	1	239	20	165	471	2	438	168	168	267	3	72	134	179	229	4	463	20	106	167	5	243	21	75	119	6	178	91	81	124
1	6	1	243	16	157	472	2	438	168	168	267	3	72	134	179	229	4	463	20	106	167	5	243	21	75	119	6	178	91	81	124
2	6	1	239	14	161	474	2	438	168	168	267	3	72	134	179	229	4	463	20	106	167	5	243	21	75	119	6	178	91	81	124
3	6	1	234	19	166	470	2	438	168	168	267	3	72	134	179	229	4	463	20	106	167	5	243	21	75	119	6	178	91	81	124
4	6	1	229	19	175	470	2	438	168	168	267	3	72	134	179	229	4	463	20	106	167	5	243	21	75	119	6	178	91	81	124
5	6	1	229	19	175	470	2	438	168	168	267	3	72	134	179	229	4	463	20	106	167	5	243	21	75	119	6	178	91	81	124
6	6	1	229	19	175	470	2	438	168	168	267	3	71	130	174	228	4	463	20	106	167	5	243	21	75	119	6	178	91	81	124
7	6	1	229	19	175	470	2	438	168	168	267	3	71	130	174	228	4	463	20	106	167	5	243	21	75	119	6	178	91	81	124
8	6	1	240	20	167	456	2	438	168	168	267	3	71	130	174	228	4	463	20	106	167	5	243	21	75	119	6	178	91	81	124
9	6	1	249	19	166	445	2	438	168	168	267	3	71	130	174	228	4	463	20	106	167	5	243	21	75	119	6	168	88	91	127
10	6	1	249	19	166	427	2	438	168	168	267	3	71	130	174	228	4	463	20	106	167	5	243	21	75	119	6	168	88	91	127
11	6	1	250	19	174	414	2	438	168	168	267	3	71	130	174	228	4	463	20	106	167	5	243	21	75	119	6	168	88	91	127
12	6	1	254	10	174	415	2	438	168	168	267	3	71	130	174	228	4	463	20	106	167	5	243	21	75	119	6	168	88	91	127
13	6	1	254	10	174	415	2	438	168	168	267	3	71	130	164	228	4	463	20	106	167	5	243	21	75	119	6	153	84	107	137
14	6	1	254	10	182	415	2	438	168	168	267	3	71	130	164	228	4	463	20	106	167	5	243	21	75	119	6	153	84	107	137
15	6	1	254	10	189	415	2	438	168	168	267	3	71	130	164	228	4	463	20	106	167	5	243	21	75	119	6	141	79	119	143
16	6	1	254	10	189	415	2	438	168	168	267	3	71	130	164	228	4	463	20	106	167	5	243	21	75	119	6	141	79	119	143
17	6	1	254	10	198	408	2	438	168	168	267	3	71	130	154	228	4	463	20	106	167	5	243	21	75	119	6	115	76	147	145
18	6	1	254	10	198	408	2	438	168	168	267	3	71	130	154	228	4	463	20	106	167	5	243	21	75	119	6	115	76	147	145
19	6	1	256	11	208	400	2	438	168	168	267	3	71	130	154	228	4	463	20	106	167	5	243	21	75	119	6	115	76	147	145
20	6	1	256	11	208	400	2	438	168	168	267	3	71	130	154	228	4	463	20	106	167	5	243	21	75	119	6	115	76	147	145
21	6	1	264	2	207	383	2	438	168	168	267	3	71	130	154	228	4	463	20	106	167	5	243	21	75	119	6	115	76	147	145
22	6	1	264	2	207	383	2	438	168	168	267	3	71	130	154	228	4	456	20	103	167	5	243	21	75	119	6	115	76	147	145
23	6	1	278	2	200	383	2	438	168	168	267	3	71	130	154	228	4	456	20	103	167	5	243	21	75	119	6	115	76	147	145
24	6	1	278	2	200	383	2	438	168	168	267	3	71	130	154	228	4	456	20	103	167	5	243	21	75	119	6	115	76	147	145
25	6	1	278	2	200	383	2	438	168	168	267	3	71	130	154	228	4	456	20	103	167	5	243	21	75	119	6	115	76	147	145
26	6	1	295	2	193	378	2	438	168	168	267	3	71	130	154	228	4	456	20	103	167	5	243	21	75	119	6	115	76	147	145
27	6	1	295	2	193	378	2	438	168	168	267	3	71	130	154	228	4	456	20	103	167	5	243	21	75	119	6	115	76	147	145
28	6	1	295	2	193	378	2	438	168	168	267	3	71	130	154	228	4	456	20	103	167	5	243	21	75	119	6	115	76	147	145
29	6	1	295	2	206	373	2	438	168	168	267	3	71	130	154	228	4	456	20	103	167	5	243	21	75	119	6	115	76	147	145
30	6	1	295	2	206	373	2	438	168	168	267	3	71	130	154	228	4	456	20	103	167	5	243	21	75	119	6	115	76	147	145
31	6	1	312	2	200	362	2	438	168	168	267	3	71	130	154	228	4	456	20	103	167	5	243	21	75	119	6	115	76	147	145
32	6	1	312	2	200	362	2	438	168	168	267	3	71	130	154	228	4	456	20	103	167	5	243	21	75	119	6	115	76	147	145
33	6	1	328	2	192	362	2	438	168	168	267	3	71	130	154	228	4	456	20	103	167	5	243	21	75	119	6	115	76	147	145
34	7	1	328	2	192	362	2	438	168	168	267	3	71	130	154	228	4	456	20	103	167	5	243	21	75	119	6	115	76	147	145	7	2	131	151	445
35	7	1	343	3	184	299	2	438	168	168	267	3	71	130	154	228	4	456	20	103	167	5	243	21	75	119	6	115	76	147	145	7	2	131	151	445
36	7	1	343	3	184	299	2	438	168	168	267	3	71	130	154	228	4	456	20	103	167	5	243	21	75	119	6	115	76	147	145	7	2	123	174	453
37	7	1	353	4	188	304	2	438	168	168	267	3	71	130	154	228	4	456	20	103	167	5	243	21	75	119	6	115	76	147	145	7	2	123	174	453
38	7	1	353	4	188	304	2	438	168	168	267	3	71	130	154	228	4	456	20	103	167	5	243	21	75	119	6	115	76	147	145	7	2	123	191	453
39	7	1	364	4	183	300	2	438	168	168	267	3	71	130	154	228	4	456	20	103	167	5	243	21	75	119	6	115	76	147	145	7	2	134	196	442
40	7	1	364	4	183	300	2	442	169	169	266	3	71	130	154	228	4	456	20	103	167	5	243	21	75	119	6	115	76	147	145	7	2	133	208	443
41	7	1	377	5	180	301	2	442	169	169	266	3	71	130	154	228	4	456	20	103	167	5	243	21	75	119	6	115	76	147	145	7	2	130	224	446
42	7	1	377	5	180	301	2	442	169	169	266	3	71	130	154	228	4	456	20	103	167	5	243	21	75	119	6	115	76	147	145	7	2	125	231	451
43	7	1	378	6	185	300	2	442	169	169	266	3	71	130	154	228	4	456	20	103	167	5	243	21	75	119	6	115	76	147	145	7	10	120	236	456
44	7	1	378	6	185	300	2	442	169	169	266	3	71	130	154	228	4	456	20	103	167	5	243	21	75	119	6	115	76	147	145	7	25	116	231	460
45	7	1	378	6	185	300	2	442	169	169	266	3	71	130	154	228	4	456	20	103	167	5	243	21	75	119	6	115	76	147	145	7	36	111	225	465
46	7	1	378	6	185	300	2	442	169	169	266	3	71	130	154	228	4	456	20	103	167	5	243	21	75	119	6	115	76	147	145	7	36	111	225	465
47	7	1	378	16	195	290	2	442	169	169	266	3	71	130	154	228	4	456	20	103	167	5	243	21	75	119	6	115	76	147	145	7	51	102	214	474
48	7	1	378	16	195	290	2	442	169	169	266	3	71	130	154	228	4	456	20	103	167	5	243	21	75	119	6	115	76	147	145	7	69	93	203	483
49	7	1	378	16	195	290	2	442	169	169	266	3	71	130	154	228	4	456	20	103	167	5	243	21	75	119	6	115	76	147	145	7	69	93	203	483
50	7	1	378	16	195	290	2	442	169	169	266	3	71	130	154	228	4	456	20	103	167	5	243	21	75	119	6	115	76	147	145	7	84	89	203	487
51	7	1	378	16	195	290	2	442	169	169	266	3	71	130	154	228	4	456	20	103	167	5	243	21	75	119	6	115	76	147	145	7	100	86	195	490
52	7	1	378	16	195	290	2	442	169	169	266	3	71	130	154	228	4	456	20	103	167	5	243	21	75	119	6	115	76	147	145	7	100	86	195	490
53	7	1	378	16	195	290	2	442	169	169	266	3	71	130	154	228	4	456	20	103	167	5	243	21	75	119	6	115	76	147	145	7	113	86	207	490
54	7	1	378	16	195	290	2	442	169	169	266	3	71	130	154	228	4	456	20	103	167	5	243	21	75	119	6	115	76	147	145	7	126	86	209	490
55	7	1	378	16	195	290	2	442	169	169	266	3	71	130	154	228	4	456	20	103	167	5	243	21	75	119	6	115	76	147	145	7	140	86	203	490
56	7	1	378	16	195	290	2	442	169	169	266	3	71	130	154	228	4	456	20	103	167	5	243	21	75	119	6	115	76	147	145	7	154	87	201	489
57	7	1	378	16	195	290	2	442	169	169	266	3	71	130	154	228	4	456	20	103	167	5	243	21	75	119	6	115	76	147	145	7	155	78	221	498
58	7	1	378	16	195	290	2	442	169	169	266	3	71	130	154	228	4	456	20	103	167	5	243	21	75	119	6	115	76	147	145	7	155	78	221	498
59	7	1	378	16	195	290	2	442	169	169	266	3	71	130	154	228	4	456	20	103	167	5	243	21	75	119	6	115	76	147	145	7	172	76	213	500
60	7	1	378	16	195	290	2	442	169	169	266	3	71	130	154	228	4	456	20	103	167	5	243	21	75	119	6	115	76	147	145	7	190	76	208	500
61	7	1	378	16	195	290	2	442	169	169	266	3	71	130	154	228	4	456	20	103	167	5	243	21	75	119	6	115	76	147	145	7	190	76	208	500
62	7	1	378	16	195	290	2	442	169	169	266	3	71	130	154	228	4	456	20	103	167	5	243	21	75	119	6	115	76	147	145	7	211	76	199	500
63	7	1	378	16	195	290	2	442	169	169	266	3	71	130	154	228	4	456	20	103	167	5	243	21	75	119	6	115	76	147	145	7	227	75	195	501
64	7	1	378	16	195	290	2	442	169	169	266	3	71	130	154	228	4	456	20	103	167	5	243	21	75	119	6	115	76	147	145	7	227	75	195	501
65	7	1	378	16	160	290	2	442	169	169	266	3	71	130	154	228	4	456	20	103	167	5	243	21	75	119	6	115	76	147	145	7	237	76	196	500
66	7	1	378	16	160	290	2	442	169	169	266	3	71	130	154	228	4	456	20	103	167	5	243	21	75	119	6	115	76	147	145	7	237	76	196	500
67	7	1	378	16	137	290	2	442	169	169	266	3	71	130	154	228	4	456	20	103	167	5	243	21	75	119	6	115	76	147	145	7	250	74	199	501
68	7	1	378	16	137	290	2	442	169	169	266	3	71	130	154	228	4	456	20	103	167	5	243	21	75	119	6	115	76	147	145	7	250	74	199	501
69	7	1	378	3	120	303	2	442	169	169	266	3	71	130	154	228	4	456	20	103	167	5	243	21	75	119	6	115	76	147	145	7	250	74	199	501
70	7	1	378	3	120	303	2	442	169	169	266	3	71	130	154	228	4	456	20	103	167	5	243	21	75	119	6	115	76	147	145	7	264	73	195	503
71	7	1	378	3	103	303	2	442	169	169	266	3	71	130	154	228	4	456	20	103	167	5	243	21	75	119	6	115	76	147	145	7	282	73	183	503
72	7	1	378	3	103	303	2	442	169	169	266	3	71	130	154	228	4	456	20	103	167	5	243	21	75	119	6	115	76	147	145	7	282	73	183	503
73	7	1	378	3	103	303	2	442	169	169	266	3	71	130	154	228	4	456	20	103	167	5	243	21	75	119	6	115	76	147	145	7	282	73	183	503
74	7	1	364	3	100	303	2	442	169	169	266	3	71	130	154	228	4	456	20	103	167	5	243	21	75	119	6	115	76	147	145	7	282	73	183	503
75	7	1	364	3	100	303	2	442	169	169	266	3	71	130	154	228	4	456	20	103	167	5	243	21	75	119	6	115	76	147	145	7	282	73	183	503
76	7	1	342	3	122	303	2	442	169	169	266	3	71	130	154	228	4	456	20	103	167	5	243	21	75	119	6	115	76	147	145	7	282	73	183	503
77	7	1	342	3	122	303	2	442	169	169	266	3	71	130	154	228	4	456	20	103	167	5	243	21	75	119	6	115	76	147	145	7	282	73	183	503
78	7	1	342	3	122	303	2	442	169	169	266	3	71	130	154	228	4	456	20	103	167	5	243	21	75	119	6	115	76	147	145	7	282	73	183	503
79	7	1	342	3	122	303	2	442	169	169	266	3	71	130	154	228	4	456	20	103	167	5	243	21	75	119	6	115	76	147	145	7	282	73	183	503
80	7	1	342	3	122	303	2	442	169	169	266	3	71	130	154	228	4	456	20	103	167	5	243	21	75	119	6	115	76	147	145	7	282	73	183	503
81	7	1	319	2	131	304	2	442	169	169	266	3	71	130	154	228	4	456	20	103	167	5	243	21	75	119	6	115	76	147	145	7	282	73	183	503
82	7	1	319	2	131	304	2	442	169	169	266	3	71	130	154	228	4	456	20	103	167	5	243	21	75	119	6	115	76	147	145	7	282	73	183	503
83	7	1	297	2	153	369	2	442	169	169	266	3	71	130	154	228	4	456	20	103	167	5	243	21	75	119	6	115	76	147	145	7	282	73	183	503
84	7	1	297	2	153	369	2	442	169	169	266	3	71	130	154	228	4	456	20	103	167	5	243	21	75	119	6	115	76	147	145	7	282	73	183	503
85	7	1	297	2	153	369	2	442	169	169	266	3	71	130	154	228	4	456	20	103	167	5	243	21	75	119	6	115	76	147	145	7	282	73	183	503
86	7	1	298	2	140	369	2	442	169	169	266	3	71	130	154	228	4	456	20	103	167	5	243	21	75	119	6	115	76	147	145	7	282	73	183	503
87	7	1	298	2	126	371	2	442	169	169	266	3	71	130	154	228	4	456	20	103	167	5	243	21	75	119	6	115	76	147	145	7	282	73	183	503
88	7	1	284	2	130	371	2	442	169	169	266	3	71	130	154	228	4	456	20	103	167	5	243	21	75	119	6	115	76	147	145	7	314	69	169	505
89	7	1	284	2	130	371	2	442	169	169	266	3	71	130	154	228	4	456	20	103	167	5	243	21	75	119	6	115	76	147	145	7	314	69	169	505
90	7	1	274	3	133	370	2	442	169	169	266	3	71	130	154	228	4	456	20	103	167	5	243	21	75	119	6	115	76	147	145	7	314	69	169	505
91	7	1	274	3	133	370	2	442	169	169	266	3	71	130	154	228	4	456	20	103	167	5	243	21	75	119	6	115	76	147	145	7	314	69	169	505
92	7	1	268	5	130	368	2	442	169	169	266	3	71	130	154	228	4	456	20	103	167	5	243	21	75	119	6	115	76	147	145	7	314	69	169	505
93	7	1	264	6	130	391	2	442	169	169	266	3	71	130	154	228	4	456	20	103	167	5	243	21	75	119	6	115	76	147	145	7	314	69	169	505
94	7	1	258	20	130	384	2	442	169	169	266	3	71	130	154	228	4	456	20	103	167	5	243	21	75	119	6	115	76	147	145	7	314	69	169	505
95	7	1	249	20	139	398	2	442	169	169	266	3	71	130	154	228	4	456	20	103	167	5	243	21	75	119	6	115	76	147	145	7	314	69	169	505
96	7	1	249	20	139	398	2	442	169	169	266	3	71	130	154	228	4	456	20	103	167	5	243	21	75	119	6	115	76	147	145	7	314	69	169	505
97	7	1	250	32	130	393	2	442	169	169	266	3	71	130	154	228	4	456	20	103	167	5	243	21	75	119	6	115	76	147	145	7	314	69	169	505
98	7	1	250	32	130	393	2	442	169	169	266	3	71	130	154	228	4	456	20	103	167	5	243	21	75	119	6	115	76	147	145	7	314	69	169	505
99	7	1	250	32	130	393	2	442	169	169	266	3	71	130	154	228	4	456	20	103	167	5	243	21	75	119	6	115	76	147	145	7	314	69	169	505
100	7	1	236	32	138	400	2	442	169	169	266	3	71	130	154	228	4	456	20	103	167	5	243	21	75	119	6	115	76	147	145	7	314	69	169	505
101	7	1	236	32	138	400	2	442	169	169	266	3	71	130	154	228	4	456	20	103	167	5	243	21	75	119	6	115	76	147	145	7	314	69	169	505
102	7	1	236	32	138	400	2	442	169	169	266	3	71	130	154	228	4	456	20	103	167	5	243	21	75	119	6	115	76	147	145	7	314	69	169	505
103	7	1	224	27	140	414	2	442	169	169	266	3	71	130	154	228	4	456	20	103	167	5	243	21	75	119	6	115	76	147	145	7	326	69	179	505
104	7	1	224	27	140	414	2	442	169	169	266	3	71	130	154	228	4	456	20	103	167	5	243	21	75	119	6	115	76	147	145	7	326	69	179	505
105	7	1	215	28	144	424	2	442	169	169	266	3	71	130	154	228	4	456	20	103	167	5	243	21	75	119	6	115	76	147	145	7	326	69	179	505
106	7	1	215	31	144	434	2	442	169	169	266	3	71	130	154	228	4	456	20	103	167	5	243	21	75	119	6	115	76	147	145	7	326	69	179	505
107	7	1	203	42	156	439	2	442	169	169	266	3	71	130	154	228	4	456	20	103	167	5	243	21	75	119	6	115	76	147	145	7	326	69	179	505
108	7	1	203	42	156	439	2	442	169	169	266	3	71	130	154	228	4	456	20	103	167	5	243	21	75	119	6	115	76	147	145	7	326	69	179	505
109	7	1	182	56	166	441	2	442	169	169	266	3	71	130	154	228	4	456	20	103	167	5	243	21	75	119	6	115	76	147	145	7	326	69	179	505
110	7	1	182	56	166	441	2	442	169	169	266	3	71	130	154	228	4	456	20	103	167	5	243	21	75	119	6	115	76	147	145	7	326	69	179	505
111	7	1	175	69	162	438	2	442	169	169	266	3	71	130	154	228	4	456	20	103	167	5	243	21	75	119	6	115	76	147	145	7	326	69	179	505
112	7	1	175	69	162	438	2	442	169	169	266	3	71	130	154	228	4	456	20	103	167	5	243	21	75	119	6	115	76	147	145	7	326	69	179	505
113	7	1	175	69	162	438	2	442	169	169	266	3	71	130	154	228	4	456	20	103	167	5	243	21	75	119	6	115	76	147	145	7	326	69	179	505
114	7	1	165	69	172	442	2	442	169	169	266	3	71	130	154	228	4	456	20	103	167	5	243	21	75	119	6	115	76	147	145	7	326	69	179	505
115	7	1	165	69	172	442	2	442	169	169	266	3	71	130	154	228	4	456	20	103	167	5	243	21	75	119	6	115	76	147	145	7	326	69	179	505
116	7	1	140	58	188	480	2	442	169	169	266	3	71	130	154	228	4	456	20	103	167	5	243	21	75	119	6	115	76	147	145	7	326	69	179	505
117	7	1	134	45	184	506	2	442	169	169	266	3	71	130	154	228	4	456	20	103	167	5	243	21	75	119	6	115	76	147	145	7	326	69	179	505
118	7	1	134	45	174	518	2	442	169	169	266	3	71	130	154	228	4	456	20	103	167	5	243	21	75	119	6	115	76	147	145	7	326	69	179	505
119	7	1	120	43	180	533	2	442	169	169	266	3	71	130	154	228	4	456	20	103	167	5	243	21	75	119	6	115	76	147	145	7	326	69	179	505
120	7	1	108	43	183	533	2	442	169	169	266	3	71	130	154	228	4	456	20	103	167	5	243	21	75	119	6	115	76	147	145	7	326	69	179	505
121	7	1	96	58	185	518	2	442	169	169	266	3	71	130	154	228	4	456	20	103	167	5	243	21	75	119	6	115	76	147	145	7	326	69	179	505
122	7	1	87	74	188	502	2	442	169	169	266	3	71	130	154	228	4	456	20	103	167	5	243	21	75	119	6	115	76	147	145	7	326	69	179	505
123	7	1	72	77	202	499	2	442	169	169	266	3	71	130	154	228	4	456	20	103	167	5	243	21	75	119	6	115	76	147	145	7	326	69	179	505
124	7	1	59	91	212	485	2	442	169	169	266	3	71	130	154	228	4	456	20	103	167	5	243	21	75	119	6	115	76	147	145	7	326	69	179	505
125	7	1	51	97	209	479	2	442	169	169	266	3	71	130	154	228	4	456	20	103	167	5	243	21	75	119	6	115	76	147	145	7	326	69	179	505
126	7	1	38	90	211	486	2	442	169	169	266	3	71	130	154	228	4	456	20	103	167	5	243	21	75	119	6	115	76	147	145	7	326	69	179	505
127	7	1	27	76	207	500	2	442	169	169	266	3	71	130	154	228	4	456	20	103	167	5	243	21	75	119	6	115	76	147	145	7	326	69	179	505
128	6	2	442	169	169	266	3	71	130	154	228	4	456	20	103	167	5	243	21	75	119	6	115	76	147	145	7	326	69	179	505
129	6	2	442	169	169	266	3	71	130	154	228	4	456	20	103	167	5	243	21	75	119	6	115	76	147	145	7	326	69	179	505
130	6	2	442	169	169	266	3	71	130	154	228	4	456	20	103	167	5	243	21	75	119	6	115	76	147	145	7	326	69	179	505
131	6	2	442	169	169	266	3	71	130	154	228	4	456	20	103	167	5	243	21	75	119	6	115	76	147	145	7	326	69	179	505
132	6	2	442	169	169	266	3	71	130	154	228	4	456	20	103	167	5	243	21	75	119	6	115	76	147	145	7	326	69	179	505
133	6	2	442	169	169	266	3	71	130	154	228	4	456	20	103	167	5	243	21	75	119	6	115	76	147	145	7	326	69	179	505
134	6	2	442	169	169	266	3	71	130	154	228	4	456	20	103	167	5	243	21	75	119	6	115	76	147	145	7	326	69	179	505
135	6	2	442	169	169	266	3	71	130	154	228	4	456	20	103	167	5	243	21	75	119	6	115	76	147	145	7	326	69	179	505
136	6	2	442	169	169	266	3	71	130	154	228	4	456	20	103	167	5	243	21	75	119	6	115	76	147	145	7	326	69	179	505
137	6	2	442	169	169	266	3	71	130	154	228	4	456	20	103	167	5	243	21	75	119	6	115	76	147	145	7	326	69	179	505
138	6	2	442	169	169	266	3	71	130	154	228	4	456	20	103	167	5	243	21	75	119	6	115	76	147	145	7	326	69	179	505
139	6	2	442	169	169	266	3	71	130	154	228	4	456	20	103	167	5	243	21	75	119	6	115	76	147	145	7	326	69	179	505
140	6	2	442	169	169	266	3	71	130	154	228	4	456	20	103	167	5	243	21	75	119	6	115	76	147	145	7	326	69	179	505
141	6	2	442	169	169	266	3	71	130	154	228	4	456	20	103	167	5	243	21	75	119	6	115	76	147	145	7	326	69	179	505
142	6	2	442	169	169	266	3	71	130	154	228	4	456	20	103	167	5	243	21	75	119	6	115	76	147	145	7	326	69	179	505
143	6	2	442	169	169	266	3	71	130	154	228	4	456	20	103	167	5	243	21	75	119	6	115	76	147	145	7	326	69	179	505
144	6	2	442	169	169	266	3	71	130	154	228	4	456	20	103	167	5	243	21	75	119	6	115	76	147	145	7	326	69	179	505
145	6	2	442	169	169	266	3	71	130	154	228	4	456	20	103	167	5	243	21	75	119	6	115	76	147	145	7	326	69	179	505
146	6	2	442	169	169	266	3	71	130	154	228	4	456	20	103	167	5	243	21	75	119	6	115	76	147	145	7	326	69	179	505
147	6	2	442	169	169	266	3	71	130	154	228	4	456	20	103	167	5	243	21	75	119	6	115	76	147	145	7	326	69	179	505
148	6	2	442	169	169	266	3	71	130	154	228	4	456	20	103	167	5	243	21	75	119	6	115	76	147	145	7	326	69	179	505
149	6	2	442	169	169	266	3	71	130	154	228	4	456	20	103	167	5	243	21	75	119	6	115	76	147	145	7	326	69	179	505
150	6	2	442	169	169	266	3	71	130	154	228	4	456	20	103	167	5	243	21	75	119	6	115	76	147	145	7	326	69	179	505
151	6	2	442	169	169	266	3	71	130	154	228	4	456	20	103	167	5	243	21	75	119	6	115	76	147	145	7	326	69	179	505
152	6	2	442	169	169	266	3	71	130	154	228	4	456	20	103	167	5	243	21	75	119	6	115	76	147	145	7	326	69	179	505
153	6	2	442	169	169	266	3	71	130	154	228	4	456	20	103	167	5	243	21	75	119	6	115	76	147	145	7	326	69	179	505
154	6	2	442	169	169	266	3	71	130	154	228	4	456	20	103	167	5	243	21	75	119	6	115	76	147	145	7	326	69	179	505
155	6	2	442	169	169	266	3	71	130	154	228	4	456	20	103	167	5	243	21	75	119	6	115	76	147	145	7	326	69	179	505
156	6	2	442	169	169	266	3	71	130	154	228	4	456	20	103	167	5	243	21	75	119	6	115	76	147	145	7	326	69	179	505
157	6	2	442	169	169	266	3	71	130	154	228	4	456	20	103	167	5	243	21	75	119	6	115	76	147	145	7	326	69	179	505
158	6	2	442	169	169	266	3	71	130	154	228	4	456	20	103	167	5	243	21	75	119	6	115	76	147	145	7	326	69	179	505
159	6	2	442	169	169	266	3	71	130	154	228	4	456	20	103	167	5	243	21	75	119	6	115	76	147	145	7	326	69	179	505
160	6	2	442	169	169	266	3	71	130	154	228	4	456	20	103	167	5	243	21	75	119	6	115	76	147	145	7	326	69	179	505
161	6	2	442	169	169	266	3	71	130	154	228	4	456	20	103	167	5	243	21	75	119	6	115	76	147	145	7	326	69	179	505
162	6	2	442	169	169	266	3	71	130	154	228	4	456	20	103	167	5	243	21	75	119	6	115	76	147	145	7	326	69	179	505
163	6	2	442	169	169	266	3	71	130	154	228	4	456	20	103	167	5	243	21	75	119	6	115	76	147	145	7	326	69	179	505
164	6	2	442	169	169	266	3	71	130	154	228	4	456	20	103	167	5	243	21	75	119	6	115	76	147	145	7	326	69	179	505
165	6	2	442	169	169	266	3	71	130	154	228	4	456	20	103	167	5	243	21	75	119	6	115	76	147	145	7	326	69	179	505
166	6	2	442	169	169	266	3	71	130	154	228	4	456	20	103	167	5	243	21	75	119	6	115	76	147	145	7	326	69	179	505
167	6	2	442	169	169	266	3	71	130	154	228	4	456	20	103	167	5	243	21	75	119	6	115	76	147	145	7	326	69	179	505
168	6	2	442	169	169	266	3	71	130	154	228	4	456	20	103	167	5	243	21	75	119	6	115	76	147	145	7	326	69	179	505
169	6	2	442	169	169	266	3	71	130	154	228	4	456	20	103	167	5	243	21	75	119	6	115	76	147	145	7	326	69	179	505
170	6	2	442	169	169	266	3	71	130	154	228	4	456	20	103	167	5	243	21	75	119	6	115	76	147	145	7	326	69	179	505
171	6	2	442	169	169	266	3	71	130	154	228	4	456	20	103	167	5	243	21	75	119	6	115	76	147	145	7	326	69	179	505
172	6	2	442	169	169	266	3	71	130	154	228	4	456	20	103	167	5	243	21	75	119	6	115	76	147	145	7	326	69	179	505
173	6	2	442	169	169	266	3	71	130	154	228	4	456	20	103	167	5	243	21	75	119	6	115	76	147	145	7	326	69	179	505
174	6	2	442	169	169	266	3	71	130	154	228	4	456	20	103	167	5	243	21	75	119	6	115	76	147	145	7	326	69	179	505
175	6	2	442	169	169	266	3	71	130	154	228	4	456	20	103	167	5	243	21	75	119	6	115	76	147	145	7	326	69	179	505
176	6	2	442	169	169	266	3	71	130	154	228	4	456	20	103	167	5	243	21	75	119	6	115	76	147	145	7	326	69	179	505
177	6	2	442	169	169	266	3	71	130	154	228	4	456	20	103	167	5	243	21	75	119	6	115	76	147	145	7	326	69	179	505
178	6	2	442	169	169	266	3	71	130	154	228	4	456	20	103	167	5	243	21	75	119	6	115	76	147	145	7	326	69	179	505
179	6	2	442	169	169	266	3	71	130	154	228	4	456	20	103	167	5	243	21	75	119	6	115	76	147	145	7	326	69	179	505
180	6	2	442	169	169	266	3	71	130	154	228	4	456	20	103	167	5	243	21	75	119	6	115	76	147	145	7	326	69	179	505
181	6	2	442	169	169	266	3	71	130	154	228	4	456	20	103	167	5	243	21	75	119	6	115	76	147	145	7	326	69	179	505
182	6	2	442	169	169	266	3	71	130	154	228	4	456	20	103	167	5	243	21	75	119	6	115	76	147	145	7	326	69	179	505
183	6	2	442	169	169	266	3	71	130	154	228	4	456	20	103	167	5	243	21	75	119	6	115	76	147	145	7	326	69	179	505
184	6	2	442	169	169	266	3	71	130	154	228	4	456	20	103	167	5	243	21	75	119	6	115	76	147	145	7	326	69	179	505
185	6	2	442	169	169	266	3	71	130	154	228	4	456	20	103	167	5	243	21	75	119	6	115	76	147	145	7	326	69	179	505
186	6	2	442	169	169	266	3	71	130	154	228	4	456	20	103	167	5	243	21	75	119	6	115	76	147	145	7	326	69	179	505
187	6	2	442	169	169	266	3	71	130	154	228	4	456	20	103	167	5	243	21	75	119	6	115	76	147	145	7	326	69	179	505
188	6	2	442	169	169	266	3	71	130	154	228	4	456	20	103	167	5	243	21	75	119	6	115	76	147	145	7	326	69	179	505
189	6	2	442	169	169	266	3	71	130	154	228	4	456	20	103	167	5	243	21	75	119	6	115	76	147	145	7	326	69	179	505
190	6	2	442	169	169	266	3	71	130	154	228	4	456	20	103	167	5	243	21	75	119	6	115	76	147	145	7	326	69	179	505
191	6	2	442	169	169	266	3	71	130	154	228	4	456	20	103	167	5	243	21	75	119	6	115	76	147	145	7	326	69	179	505
192	6	2	442	169	169	266	3	71	130	154	228	4	456	20	103	167	5	243	21	75	119	6	115	76	147	145	7	326	69	179	505
193	6	2	442	169	169	266	3	71	130	154	228	4	456	20	103	167	5	243	21	75	119	6	115	76	147	145	7	326	69	179	505
194	6	2	442	169	169	266	3	71	130	154	228	4	456	20	103	167	5	243	21	75	119	6	115	76	147	145	7	326	69	179	505
195	6	2	442	169	169	266	3	71	130	154	228	4	456	20	103	167	5	243	21	75	119	6	115	76	147	145	7	326	69	179	505
196	6	2	442	169	169	266	3	71	130	154	228	4	456	20	103	167	5	243	21	75	119	6	115	76	147	145	7	326	69	179	505
197	7	2	442	169	169	266	3	71	130	154	228	4	456	20	103	167	5	243	21	75	119	6	115	76	147	145	7	326	69	179	505	8	508	255	212	320
198	7	2	442	169	169	266	3	71	130	154	228	4	456	20	103	167	5	243	21	75	119	6	115	76	147	145	7	326	69	179	505	8	508	255	212	320
199	7	2	442	169	169	266	3	71	130	154	228	4	456	20	103	167	5	243	21	75	119	6	115	76	147	145	7	326	69	179	505	8	508	255	212	320
200	7	2	442	169	169	266	3	71	130	154	228	4	456	20	103	167	5	243	21	75	119	6	115	76	147	145	7	326	69	179	505	8	465	249	255	326
201	7	2	442	169	169	266	3	71	130	154	228	4	456	20	103	167	5	243	21	75	119	6	115	76	147	145	7	326	69	179	505	8	445	268	274	307
202	7	2	442	169	169	266	3	71	130	154	228	4	456	20	103	167	5	243	21	75	119	6	115	76	147	145	7	326	69	179	505	8	396	278	323	297
203	7	2	442	169	169	266	3	71	130	154	228	4	456	20	103	167	5	243	21	75	119	6	115	76	147	145	7	326	69	179	505	8	357	277	365	298
204	7	2	442	169	169	266	3	71	130	154	228	4	456	20	103	167	5	243	21	75	119	6	115	76	147	145	7	326	69	179	505	8	357	277	365	298
205	7	2	442	169	169	266	3	71	130	154	228	4	456	20	103	167	5	243	21	75	119	6	115	76	147	145	7	326	69	179	505	8	324	275	359	300
206	7	2	442	169	169	266	3	71	130	154	228	4	456	20	103	167	5	243	21	75	119	6	115	76	147	145	7	326	69	179	505	8	298	290	352	285
207	7	2	442	169	169	266	3	71	130	154	228	4	456	20	103	167	5	243	21	75	119	6	115	76	147	145	7	326	69	179	505	8	274	297	370	279
208	7	2	442	169	169	266	3	71	130	154	228	4	456	20	103	167	5	243	21	75	119	6	115	76	147	145	7	326	69	179	505	8	243	301	367	275
209	7	2	442	169	169	266	3	71	130	154	228	4	456	20	103	167	5	243	21	75	119	6	115	76	147	145	7	326	69	179	505	8	259	286	305	290
210	7	2	442	169	169	266	3	71	130	154	228	4	456	20	103	167	5	243	21	75	119	6	115	76	147	145	7	326	69	179	505	8	245	292	284	284
211	7	2	442	169	169	266	3	71	130	154	228	4	456	20	103	167	5	243	21	75	119	6	115	76	147	145	7	326	69	179	505	8	218	305	286	271
212	7	2	442	169	169	266	3	71	130	154	228	4	456	20	103	167	5	243	21	75	119	6	115	76	147	145	7	326	69	179	505	8	184	319	301	257
213	7	2	442	169	169	266	3	71	130	154	228	4	456	20	103	167	5	243	21	75	119	6	115	76	147	145	7	326	69	179	505	8	185	320	269	256
214	7	2	442	169	169	266	3	71	130	154	228	4	456	20	103	167	5	243	21	75	119	6	115	76	147	145	7	326	69	179	505	8	185	320	269	256
215	7	2	442	169	169	266	3	71	130	154	228	4	456	20	103	167	5	243	21	75	119	6	115	76	147	145	7	326	69	179	505	8	132	344	274	232
216	7	2	442	169	169	266	3	71	130	154	228	4	456	20	103	167	5	243	21	75	119	6	115	76	147	145	7	326	69	179	505	8	132	344	274	232
217	7	2	442	169	169	266	3	71	130	154	228	4	456	20	103	167	5	243	21	75	119	6	115	76	147	145	7	326	69	179	505	8	99	367	246	209
218	6	2	442	169	169	266	3	71	130	154	228	4	456	20	103	167	5	243	21	75	119	6	115	76	147	145	7	326	69	179	505
219	6	2	442	169	169	266	3	71	130	154	228	4	456	20	103	167	5	243	21	75	119	6	115	76	147	145	7	326	69	179	505
220	6	2	442	169	169	266	3	71	130	154	228	4	456	20	103	167	5	243	21	75	119	6	115	76	147	145	7	326	69	179	505
221	6	2	442	169	169	266	3	71	130	154	228	4	456	20	103	167	5	243	21	75	119	6	115	76	147	145	7	326	69	179	505
222	6	2	442	169	169	266	3	71	130	154	228	4	456	20	103	167	5	243	21	75	119	6	115	76	147	145	7	326	69	179	505
223	6	2	442	169	169	266	3	71	130	154	228	4	456	20	103	167	5	243	21	75	119	6	115	76	147	145	7	326	69	179	505
224	6	2	442	169	169	266	3	71	130	154	228	4	456	20	103	167	5	243	21	75	119	6	115	76	147	145	7	326	69	179	505
225	6	2	442	169	169	266	3	71	130	154	228	4	456	20	103	167	5	243	21	75	119	6	115	76	147	145	7	326	69	179	505
226	6	2	442	169	169	266	3	71	130	154	228	4	456	20	103	167	5	243	21	75	119	6	115	76	147	145	7	326	69	179	505
227	6	2	442	169	169	266	3	71	130	154	228	4	456	20	103	167	5	243	21	75	119	6	115	76	147	145	7	326	69	179	505
228	6	2	442	169	169	266	3	71	130	154	228	4	456	20	103	167	5	243	21	75	119	6	115	76	147	145	7	326	69	179	505
229	6	2	442	169	169	266	3	71	130	154	228	4	456	20	103	167	5	243	21	75	119	6	115	76	147	145	7	326	69	179	505
230	6	2	442	169	169	266	3	71	130	154	228	4	456	20	103	167	5	243	21	75	119	6	115	76	147	145	7	326	69	179	505
231	6	2	442	169	169	266	3	71	130	154	228	4	456	20	103	167	5	243	21	75	119	6	115	76	147	145	7	326	69	179	505
232	6	2	442	169	169	266	3	71	130	154	228	4	456	20	103	167	5	243	21	75	119	6	115	76	147	145	7	326	69	179	505
233	6	2	442	169	169	266	3	71	130	154	228	4	456	20	103	167	5	243	21	75	119	6	115	76	147	145	7	326	69	179	505
234	6	2	442	169	169	266	3	71	130	154	228	4	456	20	103	167	5	243	21	75	119	6	115	76	147	145	7	326	69	179	505
235	6	2	442	169	169	266	3	71	130	154	228	4	456	20	103	167	5	243	21	75	119	6	115	76	147	145	7	326	69	179	505
236	6	2	442	169	169	266	3	71	130	154	228	4	456	20	103	167	5	243	21	75	119	6	115	76	147	145	7	326	69	179	505
237	6	2	442	169	169	266	3	71	130	154	228	4	456	20	103	167	5	243	21	75	119	6	115	76	147	145	7	326	69	179	505
238	6	2	442	169	169	266	3	71	130	154	228	4	456	20	103	167	5	243	21	75	119	6	115	76	147	145	7	326	69	179	505
239	6	2	442	169	169	266	3	71	130	154	228	4	456	20	103	167	5	243	21	75	119	6	115	76	147	145	7	326	69	179	505
240	6	2	442	169	169	266	3	71	130	154	228	4	456	20	103	167	5	243	21	75	119	6	115	76	147	145	7	326	69	179	505
241	6	2	442	169	169	266	3	71	130	154	228	4	456	20	103	167	5	243	21	75	119	6	115	76	147	145	7	326	69	179	505
242	6	2	442	169	169	266	3	71	130	154	228	4	456	20	103	167	5	243	21	75	119	6	115	76	147	145	7	326	69	179	505
243	6	2	442	169	169	266	3	71	130	154	228	4	456	20	103	167	5	243	21	75	119	6	115	76	147	145	7	326	69	179	505
244	6	2	442	169	169	266	3	71	130	154	228	4	456	20	103	167	5	243	21	75	119	6	115	76	147	145	7	326	69	179	505
245	6	2	442	169	169	266	3	71	130	154	228	4	456	20	103	167	5	243	21	75	119	6	115	76	147	145	7	326	69	179	505
246	6	2	442	169	169	266	3	71	130	154	228	4	456	20	103	167	5	243	21	75	119	6	115	76	147	145	7	326	69	179	505
247	6	2	442	169	169	266	3	71	130	154	228	4	456	20	103	167	5	243	21	75	119	6	115	76	147	145	7	326	69	179	505
248	6	2	442	169	169	266	3	71	130	154	228	4	456	20	103	167	5	243	21	75	119	6	115	76	147	145	7	326	69	179	505
249	6	2	442	169	169	266	3	71	130	154	228	4	456	20	103	167	5	243	21	75	119	6	115	76	147	145	7	326	69	179	505
250	6	2	442	169	169	266	3	71	130	154	228	4	456	20	103	167	5	243	21	75	119	6	115	76	147	145	7	326	69	179	505
251	6	2	442	169	169	266	3	71	130	154	228	4	456	20	103	167	5	243	21	75	119	6	115	76	147	145	7	326	69	179	505
252	6	2	442	169	169	266	3	71	130	154	228	4	456	20	103	167	5	243	21	75	119	6	115	76	147	145	7	326	69	179	505
253	6	2	442	169	169	266	3	71	130	154	228	4	456	20	103	167	5	243	21	75	119	6	115	76	147	145	7	326	69	179	505
254	6	2	442	169	169	266	3	71	130	154	228	4	456	20	103	167	5	243	21	75	119	6	115	76	147	145	7	326	69	179	505
255	6	2	442	169	169	266	3	71	130	154	228	4	456	20	103	167	5	243	21	75	119	6	115	76	147	145	7	326	69	179	505
256	6	2	442	169	169	266	3	71	130	154	228	4	456	20	103	167	5	243	21	75	119	6	115	76	147	145	7	326	69	179	505
257	6	2	442	169	169	266	3	71	130	154	228	4	456	20	103	167	5	243	21	75	119	6	115	76	147	145	7	326	69	179	505
258	6	2	442	169	169	266	3	71	130	154	228	4	456	20	103	167	5	243	21	75	119	6	115	76	147	145	7	326	69	179	505
259	6	2	442	169	169	266	3	71	130	154	228	4	456	20	103	167	5	243	21	75	119	6	115	76	147	145	7	326	69	179	505
260	6	2	442	169	169	266	3	71	130	154	228	4	456	20	103	167	5	243	21	75	119	6	115	76	147	145	7	326	69	179	505
261	6	2	442	169	169	266	3	71	130	154	228	4	456	20	103	167	5	243	21	75	119	6	115	76	147	145	7	326	69	179	505
262	6	2	442	169	169	266	3	71	130	154	228	4	456	20	103	167	5	243	21	75	119	6	115	76	147	145	7	326	69	179	505
263	6	2	442	169	169	266	3	71	130	154	228	4	456	20	103	167	5	243	21	75	119	6	115	76	147	145	7	327	69	211	506
264	6	2	442	169	169	266	3	71	130	154	228	4	456	20	103	167	5	243	21	75	119	6	115	76	147	145	7	327	69	211	506
265	6	2	442	169	169	266	3	71	130	154	228	4	456	20	103	167	5	243	21	75	119	6	115	76	147	145	7	327	69	211	506
266	6	2	442	169	169	266	3	71	130	154	228	4	456	20	103	167	5	243	21	75	119	6	115	76	147	145	7	327	69	211	506
267	6	2	442	169	169	266	3	71	130	154	228	4	456	20	103	167	5	243	21	75	119	6	115	76	147	145	7	327	69	211	506
268	6	2	442	169	169	266	3	71	130	154	228	4	456	20	103	167	5	243	21	75	119	6	115	76	147	145	7	327	69	211	506
269	6	2	442	169	169	266	3	71	130	154	228	4	456	20	103	167	5	243	21	75	119	6	115	76	147	145	7	327	69	211	506
270	6	2	442	169	169	266	3	71	130	154	228	4	456	20	103	167	5	243	21	75	119	6	115	76	147	145	7	327	69	211	506
271	6	2	442	169	169	266	3	71	130	154	228	4	456	20	103	167	5	243	21	75	119	6	115	76	147	145	7	327	69	211	506
272	6	2	442	169	169	266	3	71	130	154	228	4	456	20	103	167	5	243	21	75	119	6	115	76	147	145	7	327	69	211	506
273	6	2	442	169	169	266	3	71	130	154	228	4	456	20	103	167	5	243	21	75	119	6	115	76	147	145	7	327	69	211	506
274	6	2	442	169	169	266	3	71	130	154	228	4	456	20	103	167	5	243	21	75	119	6	115	76	147	145	7	327	69	211	506
275	6	2	442	169	169	266	3	71	130	154	228	4	456	20	103	167	5	243	21	75	119	6	115	76	147	145	7	327	70	193	505
276	6	2	442	169	169	266	3	71	130	154	228	4	456	20	103	167	5	243	21	75	119	6	115	76	147	145	7	327	70	193	505
277	6	2	442	169	169	266	3	71	130	154	228	4	456	20	103	167	5	243	21	75	119	6	115	76	147	145	7	327	70	193	505
278	6	2	442	169	169	266	3	71	130	154	228	4	456	20	103	167	5	243	21	75	119	6	115	76	147	145	7	327	70	193	505
279	6	2	442	169	169	266	3	71	130	154	228	4	456	20	103	167	5	243	21	75	119	6	115	76	147	145	7	327	70	193	505
280	6	2	442	169	169	266	3	71	130	154	228	4	456	20	103	167	5	243	21	75	119	6	115	76	147	145	7	327	70	193	505
281	6	2	442	169	169	266	3	71	130	154	228	4	456	20	103	167	5	243	21	75	119	6	115	76	147	145	7	327	70	193	505
282	6	2	442	169	169	266	3	71	130	154	228	4	456	20	103	167	5	243	21	75	119	6	115	76	147	145	7	327	70	193	505
283	6	2	442	169	169	266	3	71	130	154	228	4	456	20	103	167	5	243	21	75	119	6	115	76	147	145	7	327	70	193	505
284	6	2	442	169	169	266	3	71	130	154	228	4	456	20	103	167	5	243	21	75	119	6	115	76	147	145	7	327	70	193	505
285	6	2	442	169	169	266	3	71	130	154	228	4	456	20	103	167	5	243	21	75	119	6	115	76	147	145	7	327	70	193	505
286	6	2	442	169	169	266	3	71	130	154	228	4	456	20	103	167	5	243	21	75	119	6	115	76	147	145	7	327	70	193	505
287	6	2	442	169	169	266	3	71	130	154	228	4	456	20	103	167	5	243	21	75	119	6	115	76	147	145	7	327	70	193	505
288	6	2	442	169	169	266	3	71	130	154	228	4	456	20	103	167	5	243	21	75	119	6	115	76	147	145	7	327	70	193	505
289	6	2	442	169	169	266	3	71	130	154	228	4	456	20	103	167	5	243	21	75	119	6	115	76	147	145	7	327	70	193	505
290	6	2	442	169	169	266	3	71	130	154	228	4	456	20	103	167	5	243	21	75	119	6	115	76	147	145	7	327	70	193	505
291	6	2	442	169	169	266	3	71	130	154	228	4	456	20	103	167	5	243	21	75	119	6	115	76	147	145	7	327	70	193	505
292	6	2	442	169	169	266	3	71	130	154	228	4	456	20	103	167	5	243	21	75	119	6	115	76	147	145	7	327	70	193	505
293	6	2	442	169	169	266	3	71	130	154	228	4	456	20	103	167	5	243	21	75	119	6	115	76	147	145	7	327	70	193	505
294	6	2	442	169	169	266	3	71	130	154	228	4	456	20	103	167	5	243	21	75	119	6	115	76	147	145	7	327	70	193	505
295	6	2	442	169	169	266	3	71	130	154	228	4	456	20	103	167	5	243	21	75	119	6	115	76	147	145	7	327	70	193	505
296	6	2	442	169	169	266	3	71	130	154	228	4	456	20	103	167	5	243	21	75	119	6	115	76	147	145	7	327	70	193	505
297	6	2	442	169	169	266	3	71	130	154	228	4	456	20	103	167	5	243	21	75	119	6	115	76	147	145	7	327	70	193	505
298	6	2	442	169	169	266	3	71	130	154	228	4	456	20	103	167	5	243	21	75	119	6	115	76	147	145	7	327	70	193	505
299	6	2	442	169	169	266	3	71	130	154	228	4	456	20	103	167	5	243	21	75	119	6	115	76	147	145	7	327	70	193	505
300	6	2	442	169	169	266	3	71	130	154	228	4	456	20	103	167	5	243	21	75	119	6	115	76	147	145	7	327	70	193	505
301	6	2	442	169	169	266	3	71	130	154	228	4	456	20	103	167	5	243	21	75	119	6	115	76	147	145	7	327	70	193	505
302	6	2	442	169	169	266	3	71	130	154	228	4	456	20	103	167	5	243	21	75	119	6	115	76	147	145	7	327	70	193	505
303	6	2	442	169	169	266	3	71	130	154	228	4	456	20	103	167	5	243	21	75	119	6	115	76	147	145	7	327	70	193	505
304	6	2	442	169	169	266	3	71	130	154	228	4	456	20	103	167	5	243	21	75	119	6	115	76	147	145	7	327	70	193	505
305	6	2	442	169	169	266	3	71	130	154	228	4	456	20	103	167	5	243	21	75	119	6	115	76	147	145	7	327	70	193	505
306	6	2	442	169	169	266	3	71	130	154	228	4	456	20	103	167	5	243	21	75	119	6	115	76	147	145	7	327	70	193	505
307	6	2	442	169	169	266	3	71	130	154	228	4	456	20	103	167	5	243	21	75	119	6	115	76	147	145	7	327	70	193	505
308	6	2	442	169	169	266	3	71	130	154	228	4	456	20	103	167	5	243	21	75	119	6	115	76	147	145	7	329	82	210	493
309	6	2	442	169	169	266	3	71	130	154	228	4	456	20	103	167	5	243	21	75	119	6	115	76	147	145	7	329	82	210	493
310	6	2	442	169	169	266	3	71	130	154	228	4	456	20	103	167	5	243	21	75	119	6	115	76	147	145	7	333	82	227	493
311	6	2	442	169	169	266	3	71	130	154	228	4	456	20	103	167	5	243	21	75	119	6	115	76	147	145	7	333	82	227	493
312	6	2	442	169	169	266	3	71	130	154	228	4	456	20	103	167	5	243	21	75	119	6	115	76	147	145	7	333	82	227	493
313	6	2	442	169	169	266	3	71	130	154	228	4	456	20	103	167	5	243	21	75	119	6	115	76	147	145	7	333	82	227	493
314	6	2	442	169	169	266	3	71	130	154	228	4	456	20	103	167	5	243	21	75	119	6	115	76	147	145	7	333	82	227	493
315	6	2	442	169	169	266	3	71	130	154	228	4	456	20	103	167	5	243	21	75	119	6	115	76	147	145	7	343	83	233	492
316	6	2	442	169	169	266	3	71	130	154	228	4	456	20	103	167	5	243	21	75	119	6	115	76	147	145	7	343	83	233	492
317	6	2	442	169	169	266	3	71	130	154	228	4	456	20	103	167	5	243	21	75	119	6	115	76	147	145	7	343	83	233	492
318	6	2	442	169	169	266	3	71	130	154	228	4	456	20	103	167	5	243	21	75	119	6	115	76	147	145	7	343	83	233	492
319	6	2	442	169	169	266	3	71	130	154	228	4	456	20	103	167	5	243	21	75	119	6	115	76	147	145	7	343	83	233	492
320	6	2	442	169	169	266	3	71	130	154	228	4	456	20	103	167	5	243	21	75	119	6	115	76	147	145	7	343	83	233	492
321	6	2	442	169	169	266	3	71	130	154	228	4	456	20	103	167	5	243	21	75	119	6	115	76	147	145	7	343	83	233	492
322	6	2	442	169	169	266	3	71	130	154	228	4	456	20	103	167	5	243	21	75	119	6	115	76	147	145	7	343	83	233	492
323	6	2	442	169	169	266	3	71	130	154	228	4	456	20	103	167	5	243	21	75	119	6	115	76	147	145	7	343	83	233	492
324	6	2	442	169	169	266	3	71	130	154	228	4	456	20	103	167	5	243	21	75	119	6	115	76	147	145	7	343	83	233	492
325	6	2	442	169	169	266	3	71	130	154	228	4	456	20	103	167	5	243	21	75	119	6	115	76	147	145	7	343	83	233	492
326	6	2	442	169	169	266	3	71	130	154	228	4	456	20	103	167	5	243	21	75	119	6	115	76	147	145	7	343	83	233	492
327	6	2	442	169	169	266	3	71	130	154	228	4	456	20	103	167	5	243	21	75	119	6	115	76	147	145	7	343	83	233	492
328	6	2	442	169	169	266	3	71	130	154	228	4	456	20	103	167	5	243	21	75	119	6	115	76	147	145	7	343	83	233	492
329	6	2	442	169	169	266	3	71	130	154	228	4	456	20	103	167	5	243	21	75	119	6	115	76	147	145	7	343	83	233	492
330	6	2	442	169	169	266	3	71	130	154	228	4	456	20	103	167	5	243	21	75	119	6	122	71	141	150	7	343	83	233	492
331	6	2	442	169	169	266	3	71	130	154	228	4	456	20	103	167	5	243	21	75	119	6	129	69	126	151	7	343	83	233	492
332	6	2	442	169	169	266	3	71	130	154	228	4	456	20	103	167	5	243	21	75	119	6	129	69	126	151	7	343	83	233	492
333	6	2	442	169	169	266	3	71	130	154	228	4	456	20	103	167	5	243	21	75	119	6	129	69	126	151	7	343	83	233	492
334	6	2	442	169	169	266	3	71	130	154	228	4	456	20	103	167	5	243	21	75	119	6	129	69	126	151	7	343	83	233	492
335	6	2	442	169	169	266	3	71	130	154	228	4	456	20	103	167	5	243	21	75	119	6	129	69	126	151	7	343	83	233	492
336	6	2	442	169	169	266	3	71	130	154	228	4	456	20	103	167	5	243	21	75	119	6	129	69	126	151	7	343	83	233	492
337	6	2	442	169	169	266	3	71	130	154	228	4	456	20	103	167	5	243	21	75	119	6	129	69	126	151	7	343	83	233	492
338	6	2	442	169	169	266	3	71	130	154	228	4	456	20	103	167	5	243	21	75	119	6	129	69	126	151	7	343	83	233	492
339	6	2	442	169	169	266	3	71	130	154	228	4	456	20	103	167	5	243	21	75	119	6	129	69	126	151	7	343	83	233	492
340	6	2	442	169	169	266	3	71	130	154	228	4	456	20	103	167	5	243	21	75	119	6	129	69	126	151	7	343	83	233	492
341	6	2	442	169	169	266	3	71	130	154	228	4	456	20	103	167	5	243	21	75	119	6	129	69	126	151	7	343	83	233	492
342	6	2	442	169	169	266	3	71	130	154	228	4	456	20	103	167	5	243	21	75	119	6	129	69	126	151	7	343	83	233	492
343	6	2	442	169	169	266	3	71	130	154	228	4	456	20	103	167	5	243	21	75	119	6	129	69	126	151	7	343	83	233	492
344	6	2	442	169	169	266	3	71	130	154	228	4	456	20	103	167	5	243	21	75	119	6	129	69	126	151	7	343	83	233	492
345	6	2	442	169	169	266	3	71	130	154	228	4	456	20	103	167	5	243	21	75	119	6	129	69	126	151	7	343	83	233	492
346	6	2	442	169	169	266	3	71	130	154	228	4	456	20	103	167	5	243	21	75	119	6	129	69	126	151	7	344	104	195	470
347	6	2	442	169	169	266	3	71	130	154	228	4	456	20	103	167	5	243	21	75	119	6	129	69	126	151	7	344	104	195	470
348	6	2	442	169	169	266	3	71	130	154	228	4	456	20	103	167	5	243	21	75	119	6	129	69	126	151	7	344	104	195	470
349	6	2	442	169	169	266	3	71	130	154	228	4	456	20	103	167	5	243	21	75	119	6	129	69	126	151	7	344	104	195	470
350	6	2	442	169	169	266	3	71	130	154	228	4	456	20	103	167	5	243	21	75	119	6	129	69	126	151	7	344	104	195	470
351	6	2	442	169	169	266	3	71	130	154	228	4	456	20	103	167	5	243	21	75	119	6	129	69	126	151	7	344	104	195	470
352	6	2	442	169	169	266	3	71	130	154	228	4	456	20	103	167	5	243	21	75	119	6	129	69	126	151	7	344	104	195	470
353	6	2	442	169	169	266	3	71	130	154	228	4	456	20	103	167	5	243	21	75	119	6	129	69	126	151	7	328	116	197	458
354	6	2	442	169	169	266	3	71	130	154	228	4	456	20	103	167	5	243	21	75	119	6	129	69	126	151	7	328	116	197	458
355	6	2	442	169	169	266	3	71	130	154	228	4	456	20	103	167	5	243	21	75	119	6	129	69	126	151	7	328	116	197	458
356	6	2	442	169	169	266	3	71	130	154	228	4	456	20	103	167	5	243	21	75	119	6	129	69	126	151	7	307	107	198	468
357	6	2	442	169	169	266	3	71	130	154	228	4	456	20	103	167	5	243	21	75	119	6	110	65	137	155	7	307	107	198	468
358	6	2	442	169	169	266	3	71	130	154	228	4	456	20	103	167	5	243	21	75	119	6	110	65	137	155	7	307	107	198	468
359	6	2	442	169	169	266	3	71	130	154	228	4	456	20	103	167	5	243	21	75	119	6	110	65	137	155	7	307	107	198	468
360	6	2	442	169	169	266	3	71	130	154	228	4	456	20	103	167	5	243	21	75	119	6	110	65	137	155	7	307	107	198	468
361	6	2	442	169	169	266	3	71	130	154	228	4	456	20	103	167	5	243	21	75	119	6	110	65	137	155	7	294	103	198	473
362	6	2	442	169	169	266	3	71	130	154	228	4	456	20	103	167	5	243	21	75	119	6	110	65	137	155	7	294	103	198	473
363	6	2	442	169	169	266	3	71	130	154	228	4	456	20	103	167	5	243	21	75	119	6	110	65	137	155	7	294	103	198	473
364	6	2	442	169	169	266	3	71	130	154	228	4	456	20	103	167	5	243	21	75	119	6	110	65	137	155	7	294	103	198	473
365	6	2	442	169	169	266	3	71	130	154	228	4	456	20	103	167	5	243	21	75	119	6	110	65	137	155	7	273	93	201	483
366	6	2	442	169	169	266	3	71	130	154	228	4	456	20	103	167	5	243	21	75	119	6	110	65	137	155	7	273	93	201	483
367	6	2	442	169	169	266	3	71	130	154	228	4	456	20	103	167	5	243	21	75	119	6	110	65	137	155	7	273	93	201	483
368	6	2	442	169	169	266	3	71	130	154	228	4	456	20	103	167	5	243	21	75	119	6	110	65	137	155	7	273	93	201	483
369	6	2	442	169	169	266	3	71	130	154	228	4	456	20	103	167	5	243	21	75	119	6	110	65	137	155	7	273	93	201	483
370	6	2	442	169	169	266	3	71	130	154	228	4	456	20	103	167	5	243	21	75	119	6	110	65	137	155	7	273	93	201	483
371	6	2	442	169	169	266	3	71	130	154	228	4	456	20	103	167	5	243	21	75	119	6	110	65	137	155	7	252	72	208	504
372	6	2	442	169	169	266	3	71	130	154	228	4	456	20	103	167	5	243	21	75	119	6	110	65	137	155	7	252	72	208	504
373	6	2	442	169	169	266	3	71	130	154	228	4	456	20	103	167	5	243	21	75	119	6	110	65	137	155	7	231	72	229	504
374	6	2	442	169	169	266	3	71	130	154	228	4	456	20	103	167	5	243	21	75	119	6	110	65	137	155	7	231	72	229	504
375	6	2	442	169	169	266	3	71	130	154	228	4	456	20	103	167	5	243	21	75	119	6	110	65	137	155	7	231	72	229	504
376	6	2	442	169	169	266	3	71	130	154	228	4	456	20	103	167	5	243	21	75	119	6	110	65	137	155	7	231	72	229	504
377	6	2	442	169	169	266	3	71	130	154	228	4	456	20	103	167	5	243	21	75	119	6	110	65	137	155	7	206	64	245	511
378	6	2	442	169	169	266	3	71	130	154	228	4	456	20	103	167	5	243	21	75	119	6	110	65	137	155	7	206	64	245	511
379	6	2	442	169	169	266	3	71	130	154	228	4	456	20	103	167	5	243	21	75	119	6	110	65	137	155	7	206	64	245	511
380	6	2	442	169	169	266	3	71	130	154	228	4	456	20	103	167	5	243	21	75	119	6	110	65	137	155	7	206	64	245	511
381	6	2	442	169	169	266	3	71	130	154	228	4	456	20	103	167	5	243	21	75	119	6	110	65	137	155	7	206	64	245	511
382	6	2	442	169	169	266	3	71	130	154	228	4	456	20	103	167	5	243	21	75	119	6	110	65	137	155	7	206	64	245	511
383	6	2	442	169	169	266	3	71	130	154	228	4	456	20	103	167	5	243	21	75	119	6	110	65	137	155	7	206	64	245	511
384	6	2	442	169	169	266	3	71	130	154	228	4	456	20	103	167	5	243	21	75	119	6	110	65	137	155	7	206	64	245	511
385	6	2	442	169	169	266	3	71	130	154	228	4	456	20	103	167	5	243	21	75	119	6	110	65	137	155	7	206	64	245	511
386	6	2	442	169	169	266	3	71	130	154	228	4	456	20	103	167	5	243	21	75	119	6	110	65	137	155	7	178	60	235	516
387	6	2	442	169	169	266	3	71	130	154	228	4	456	20	103	167	5	243	21	75	119	6	110	65	137	155	7	178	60	235	516
388	6	2	442	169	169	266	3	71	130	154	228	4	456	20	103	167	5	243	21	75	119	6	110	65	137	155	7	165	63	222	512
389	6	2	442	169	169	266	3	71	130	154	228	4	456	20	103	167	5	243	21	75	119	6	110	65	137	155	7	165	63	222	512
390	6	2	442	169	169	266	3	71	130	154	228	4	456	20	103	167	5	243	21	75	119	6	110	65	137	155	7	165	63	222	512
391	7	2	442	169	169	266	3	71	130	154	228	4	456	20	103	167	5	243	21	75	119	6	110	65	137	155	7	165	63	222	512	9	497	234	223	341
392	7	2	442	169	169	266	3	71	130	154	228	4	456	20	103	167	5	243	21	75	119	6	110	65	137	155	7	165	63	222	512	9	467	240	253	336
393	7	2	442	169	169	266	3	71	130	154	228	4	456	20	103	167	5	243	21	75	119	6	110	65	137	155	7	148	73	204	503	9	467	240	253	336
394	7	2	442	169	169	266	3	71	130	154	228	4	456	20	103	167	5	243	21	75	119	6	110	65	137	155	7	148	73	204	503	9	424	252	252	324
395	7	2	442	169	169	266	3	71	130	154	228	4	456	20	103	167	5	243	21	75	119	6	110	65	137	155	7	148	73	204	503	9	405	243	240	333
396	7	2	442	169	169	266	3	71	130	154	228	4	456	20	103	167	5	243	21	75	119	6	110	65	137	155	7	148	73	204	503	9	365	240	245	336
397	7	2	442	169	169	266	3	71	130	154	228	4	456	20	103	167	5	243	21	75	119	6	110	65	137	155	7	148	73	204	503	9	324	239	260	337
398	7	2	442	169	169	266	3	71	130	154	228	4	456	20	103	167	5	243	21	75	119	6	110	65	137	155	7	148	73	204	503	9	324	239	260	337
399	7	2	442	169	169	266	3	71	130	154	228	4	456	20	103	167	5	243	21	75	119	6	110	65	137	155	7	148	73	204	503	9	257	225	272	351
400	7	2	442	169	169	266	3	71	130	154	228	4	456	20	103	167	5	243	21	75	119	6	110	65	137	155	7	148	73	204	503	9	209	225	293	351
401	7	2	442	169	169	266	3	71	130	154	228	4	456	20	103	167	5	243	21	75	119	6	110	65	137	155	7	148	73	204	503	9	169	230	305	346
402	7	2	442	169	169	266	3	71	130	154	228	4	456	20	103	167	5	243	21	75	119	6	110	65	137	155	7	149	92	223	483	9	137	246	306	330
403	7	2	442	169	169	266	3	71	130	154	228	4	456	20	103	167	5	243	21	75	119	6	110	65	137	155	7	149	92	223	483	9	137	246	306	330
404	7	2	442	169	169	266	3	71	130	154	228	4	456	20	103	167	5	243	21	75	119	6	110	65	137	155	7	149	92	223	483	9	76	269	294	307
405	7	2	442	169	169	266	3	71	130	154	228	4	456	20	103	167	5	243	21	75	119	6	110	65	137	155	7	155	105	236	470	9	32	290	298	286
406	7	2	442	169	169	266	3	71	130	154	228	4	456	20	103	167	5	243	21	75	119	6	110	65	137	155	7	155	105	236	470	9	2	288	279	288
407	7	2	442	169	169	266	3	71	130	154	228	4	456	20	103	167	5	243	21	75	119	6	110	65	137	155	7	155	105	236	470	9	2	288	279	288
408	6	2	442	169	169	266	3	71	130	154	228	4	456	20	103	167	5	243	21	75	119	6	110	65	137	155	7	155	105	236	470
409	6	2	442	169	169	266	3	71	130	154	228	4	456	20	103	167	5	243	21	75	119	6	110	65	137	155	7	155	105	236	470
410	6	2	442	169	169	266	3	71	130	154	228	4	456	20	103	167	5	243	21	75	119	6	110	65	137	155	7	155	105	236	470
411	6	2	442	169	169	266	3	71	130	154	228	4	456	20	103	167	5	243	21	75	119	6	110	65	137	155	7	155	105	236	470
412	6	2	442	169	169	266	3	71	130	154	228	4	456	20	103	167	5	243	21	75	119	6	110	65	137	155	7	155	105	236	470
413	6	2	442	169	169	266	3	71	130	154	228	4	456	20	103	167	5	243	21	75	119	6	110	65	137	155	7	176	106	240	469
414	6	2	442	169	169	266	3	71	130	154	228	4	456	20	103	167	5	243	21	75	119	6	110	65	137	155	7	176	106	240	469
415	6	2	442	169	169	266	3	71	130	154	228	4	456	20	103	167	5	243	21	75	119	6	110	65	137	155	7	176	106	240	469
416	6	2	442	169	169	266	3	71	130	154	228	4	456	20	103	167	5	243	21	75	119	6	110	65	137	155	7	201	106	231	470
417	6	2	442	169	169	266	3	71	130	154	228	4	456	20	103	167	5	243	21	75	119	6	110	65	137	155	7	201	106	231	470
418	6	2	442	169	169	266	3	71	130	154	228	4	456	20	103	167	5	243	21	75	119	6	110	65	137	155	7	201	106	231	470
419	6	2	442	169	169	266	3	71	130	154	228	4	456	20	103	167	5	243	21	75	119	6	110	65	137	155	7	222	106	236	470
420	6	2	442	169	169	266	3	71	130	154	228	4	456	20	103	167	5	243	21	75	119	6	110	65	137	155	7	222	106	236	470
421	6	2	442	169	169	266	3	71	130	154	228	4	456	20	103	167	5	243	21	75	119	6	110	65	137	155	7	221	126	260	450
422	6	2	442	169	169	266	3	71	130	154	228	4	456	20	103	167	5	243	21	75	119	6	110	65	137	155	7	221	126	260	450
423	6	2	442	169	169	266	3	71	130	154	228	4	456	20	103	167	5	243	21	75	119	6	110	65	137	155	7	221	126	260	450
424	6	2	442	169	169	266	3	71	130	154	228	4	456	20	103	167	5	243	21	75	119	6	110	65	137	155	7	221	126	260	450
425	6	2	442	169	169	266	3	71	130	154	228	4	456	20	103	167	5	243	21	75	119	6	110	65	137	155	7	221	126	260	450
426	6	2	442	169	169	266	3	71	130	154	228	4	456	20	103	167	5	243	21	75	119	6	110	65	137	155	7	221	126	260	450
427	6	2	442	169	169	266	3	71	130	154	228	4	456	20	103	167	5	243	21	75	119	6	110	65	137	155	7	238	155	247	421
428	6	2	442	169	169	266	3	71	130	154	228	4	456	20	103	167	5	243	21	75	119	6	110	65	137	155	7	238	155	247	421
429	6	2	442	169	169	266	3	71	130	154	228	4	456	20	103	167	5	243	21	75	119	6	110	65	137	155	7	238	155	247	421
430	6	2	442	169	169	266	3	71	130	154	228	4	456	20	103	167	5	243	21	75	119	6	110	65	137	155	7	242	186	258	390
431	6	2	442	169	169	266	3	71	130	154	228	4	456	20	103	167	5	243	21	75	119	6	110	65	137	155	7	238	198	279	378
432	6	2	442	169	169	266	3	71	130	154	228	4	456	20	103	167	5	243	21	75	119	6	110	65	137	155	7	238	198	279	378
433	6	2	442	169	169	266	3	71	130	154	228	4	456	20	103	167	5	243	21	75	119	6	110	65	137	155	7	238	198	279	378
434	6	2	442	169	169	266	3	71	130	154	228	4	456	20	103	167	5	243	21	75	119	6	110	65	137	155	7	247	187	287	389
435	6	2	442	169	169	266	3	71	130	154	228	4	456	20	103	167	5	243	21	75	119	6	110	65	137	155	7	247	187	287	389
436	6	2	442	169	169	266	3	71	130	154	228	4	456	20	103	167	5	243	21	75	119	6	110	65	137	155	7	247	187	287	389
437	6	2	442	169	169	266	3	71	130	154	228	4	456	20	103	167	5	243	21	75	119	6	110	65	137	155	7	264	176	279	400
438	6	2	442	169	169	266	3	71	130	154	228	4	456	20	103	167	5	243	21	75	119	6	110	65	137	155	7	264	176	279	400
439	6	2	442	169	169	266	3	71	130	154	228	4	456	20	103	167	5	243	21	75	119	6	110	65	137	155	7	282	165	269	411
440	6	2	442	169	169	266	3	71	130	154	228	4	456	20	103	167	5	243	21	75	119	6	110	65	137	155	7	282	165	269	411
441	6	2	442	169	169	266	3	71	130	154	228	4	456	20	103	167	5	243	21	75	119	6	110	65	137	155	7	282	165	269	411
442	6	2	442	169	169	266	3	71	130	154	228	4	456	20	103	167	5	243	21	75	119	6	110	65	137	155	7	290	163	280	413
443	6	2	442	169	169	266	3	71	130	154	228	4	456	20	103	167	5	243	21	75	119	6	110	65	137	155	7	290	163	280	413
444	6	2	442	169	169	266	3	71	130	154	228	4	456	20	103	167	5	243	21	75	119	6	110	65	137	155	7	290	163	280	413
445	6	2	442	169	169	266	3	71	130	154	228	4	456	20	103	167	5	243	21	75	119	6	110	65	137	155	7	310	145	275	431
446	6	2	442	169	169	266	3	71	130	154	228	4	456	20	103	167	5	243	21	75	119	6	110	65	137	155	7	310	145	275	431
447	6	2	442	169	169	266	3	71	130	154	228	4	456	20	103	167	5	243	21	75	119	6	110	65	137	155	7	310	145	275	431
448	6	2	442	169	169	266	3	71	130	154	228	4	456	20	103	167	5	243	21	75	119	6	110	65	137	155	7	339	145	252	431
449	6	2	442	169	169	266	3	71	130	154	228	4	456	20	103	167	5	243	21	75	119	6	110	65	137	155	7	339	145	252	431
450	6	2	442	169	169	266	3	71	130	154	228	4	456	20	103	167	5	243	21	75	119	6	110	65	137	155	7	339	145	252	431
451	6	2	442	169	169	266	3	71	130	154	228	4	456	20	103	167	5	243	21	75	119	6	110	65	137	155	7	339	145	252	431
452	6	2	442	169	169	266	3	71	130	154	228	4	456	20	103	167	5	243	21	75	119	6	110	65	137	155	7	339	145	252	431
453	6	2	442	169	169	266	3	71	130	154	228	4	456	20	103	167	5	243	21	75	119	6	110	65	137	155	7	384	145	223	431
454	6	2	442	169	169	266	3	71	130	154	228	4	456	20	103	167	5	243	21	75	119	6	110	65	137	155	7	384	145	223	431
455	6	2	442	169	169	266	3	71	130	154	228	4	456	20	103	167	5	243	21	75	119	6	110	65	137	155	7	384	145	223	431
456	6	2	442	169	169	266	3	71	130	154	228	4	456	20	103	167	5	243	21	75	119	6	110	65	137	155	7	384	145	223	431
457	6	2	442	169	169	266	3	71	130	154	228	4	456	20	103	167	5	243	21	75	119	6	110	65	137	155	7	408	130	215	446
458	6	2	442	169	169	266	3	71	130	154	228	4	456	20	103	167	5	243	21	75	119	6	110	65	137	155	7	408	130	215	446
459	6	2	442	169	169	266	3	71	130	154	228	4	456	20	103	167	5	243	21	75	119	6	110	65	137	155	7	408	130	215	446
460	6	2	442	169	169	266	3	71	130	154	228	4	456	20	103	167	5	243	21	75	119	6	110	65	137	155	7	408	130	215	446
461	6	2	442	169	169	266	3	71	130	154	228	4	456	20	103	167	5	243	21	75	119	6	110	65	137	155	7	408	130	215	446
462	6	2	442	169	169	266	3	71	130	154	228	4	456	20	103	167	5	243	21	75	119	6	110	65	137	155	7	431	131	207	445
463	6	2	442	169	169	266	3	71	130	154	228	4	456	20	103	167	5	243	21	75	119	6	110	65	137	155	7	431	131	207	445
464	6	2	442	169	169	266	3	71	130	154	228	4	456	20	103	167	5	243	21	75	119	6	110	65	137	155	7	431	131	207	445
465	6	2	442	169	169	266	3	71	130	154	228	4	456	20	103	167	5	243	21	75	119	6	110	65	137	155	7	431	131	207	445
466	6	2	442	169	169	266	3	71	130	154	228	4	456	20	103	167	5	243	21	75	119	6	110	65	137	155	7	431	131	230	445
467	6	2	442	169	169	266	3	71	130	154	228	4	456	20	103	167	5	243	21	75	119	6	110	65	137	155	7	431	131	230	445
468	6	2	442	169	169	266	3	71	130	154	228	4	456	20	103	167	5	243	21	75	119	6	110	65	137	155	7	431	131	230	445
469	6	2	442	169	169	266	3	71	130	154	228	4	456	20	103	167	5	243	21	75	119	6	110	65	137	155	7	431	131	230	445
470	6	2	442	169	169	266	3	71	130	154	228	4	456	20	103	167	5	243	21	75	119	6	110	65	137	155	7	437	130	243	445
471	6	2	442	169	169	266	3	71	130	154	228	4	456	20	103	167	5	243	21	75	119	6	110	65	137	155	7	437	130	243	445
472	6	2	442	169	169	266	3	71	130	154	228	4	456	20	103	167	5	243	21	75	119	6	110	65	137	155	7	437	130	243	445
473	6	2	442	169	169	266	3	71	130	154	228	4	456	20	103	167	5	243	21	75	119	6	110	65	137	155	7	437	130	243	445
474	6	2	442	169	169	266	3	71	130	154	228	4	456	20	103	167	5	243	21	75	119	6	110	65	137	155	7	437	130	243	445
475	6	2	442	169	169	266	3	71	130	154	228	4	456	20	103	167	5	243	21	75	119	6	110	65	137	155	7	437	130	243	445
476	6	2	442	169	169	266	3	71	130	154	228	4	456	20	103	167	5	243	21	75	119	6	110	65	137	155	7	437	130	243	445
477	6	2	442	169	169	266	3	71	130	154	228	4	456	20	103	167	5	243	21	75	119	6	110	65	137	155	7	437	130	243	445
478	6	2	442	169	169	266	3	71	130	154	228	4	456	20	103	167	5	243	21	75	119	6	110	65	137	155	7	437	130	243	445
479	6	2	442	169	169	266	3	71	130	154	228	4	456	20	103	167	5	243	21	75	119	6	110	65	137	155	7	437	130	243	445
480	6	2	442	169	169	266	3	71	130	154	228	4	456	20	103	167	5	243	21	75	119	6	110	65	137	155	7	437	130	243	445
481	6	2	442	169	169	266	3	71	130	154	228	4	456	20	103	167	5	243	21	75	119	6	110	65	137	155	7	437	130	243	445
482	6	2	442	169	169	266	3	71	130	154	228	4	456	20	103	167	5	243	21	75	119	6	110	65	137	155	7	437	130	243	445
483	6	2	442	169	169	266	3	71	130	154	228	4	456	20	103	167	5	243	21	75	119	6	110	65	137	155	7	437	130	243	445
484	6	2	442	169	169	266	3	71	130	154	228	4	456	20	103	167	5	243	21	75	119	6	110	65	137	155	7	437	130	243	445
485	6	2	442	169	169	266	3	71	130	154	228	4	456	20	103	167	5	243	21	75	119	6	110	65	137	155	7	437	130	243	445
486	6	2	442	169	169	266	3	71	130	154	228	4	456	20	103	167	5	243	21	75	119	6	110	65	137	155	7	437	130	243	445
487	6	2	442	169	169	266	3	71	130	154	228	4	456	20	103	167	5	243	21	75	119	6	110	65	137	155	7	437	130	243	445
488	6	2	442	169	169	266	3	71	130	154	228	4	456	20	103	167	5	243	21	75	119	6	110	65	137	155	7	437	130	243	445
489	6	2	442	169	169	266	3	71	130	154	228	4	456	20	103	167	5	243	21	75	119	6	110	65	137	155	7	437	130	243	445
490	6	2	442	169	169	266	3	71	130	154	228	4	456	20	103	167	5	243	21	75	119	6	110	65	137	155	7	437	130	243	445
491	6	2	442	169	169	266	3	71	130	154	228	4	456	20	103	167	5	243	21	75	119	6	110	65	137	155	7	437	130	243	445
492	6	2	442	169	169	266	3	71	130	154	228	4	456	20	103	167	5	243	21	75	119	6	110	65	137	155	7	408	153	235	422
493	6	2	442	169	169	266	3	71	130	154	228	4	456	20	103	167	5	243	21	75	119	6	110	65	137	155	7	408	153	235	422
494	6	2	442	169	169	266	3	71	130	154	228	4	456	20	103	167	5	243	21	75	119	6	110	65	137	155	7	408	153	235	422
495	6	2	442	169	169	266	3	71	130	154	228	4	456	20	103	167	5	243	21	75	119	6	110	65	137	155	7	408	153	235	422
496	6	2	442	169	169	266	3	71	130	154	228	4	456	20	103	167	5	243	21	75	119	6	110	65	137	155	7	408	153	235	422
497	6	2	442	169	169	266	3	71	130	154	228	4	456	20	103	167	5	243	21	75	119	6	110	65	137	155	7	408	153	235	422
498	6	2	442	169	169	266	3	71	130	154	228	4	456	20	103	167	5	243	21	75	119	6	110	65	137	155	7	408	153	235	422
499	6	2	442	169	169	266	3	71	130	154	228	4	456	20	103	167	5	243	21	75	119	6	110	65	137	155	7	408	153	235	422
500	6	2	442	169	169	266	3	71	130	154	228	4	456	20	103	167	5	243	21	75	119	6	110	65	137	155	7	408	153	235	422
501	6	2	442	169	169	266	3	71	130	154	228	4	456	20	103	167	5	243	21	75	119	6	110	65	137	155	7	408	153	235	422
502	6	2	442	169	169	266	3	71	130	154	228	4	456	20	103	167	5	243	21	75	119	6	110	65	137	155	7	408	153	235	422
503	6	2	442	169	169	266	3	71	130	154	228	4	456	20	103	167	5	243	21	75	119	6	110	65	137	155	7	392	187	214	388
504	6	2	442	169	169	266	3	71	130	154	228	4	456	20	103	167	5	243	21	75	119	6	110	65	137	155	7	392	187	214	388
505	6	2	442	169	169	266	3	71	130	154	228	4	456	20	103	167	5	243	21	75	119	6	110	65	137	155	7	392	187	214	388
506	6	2	442	169	169	266	3	71	130	154	228	4	456	20	103	167	5	243	21	75	119	6	110	65	137	155	7	377	227	217	348
507	6	2	442	169	169	266	3	71	130	154	228	4	456	20	103	167	5	243	21	75	119	6	110	65	137	155	7	377	227	217	348
508	6	2	442	169	169	266	3	71	130	154	228	4	456	20	103	167	5	243	21	75	119	6	110	65	137	155	7	376	260	210	315
509	6	2	442	169	169	266	3	71	130	154	228	4	456	20	103	167	5	243	21	75	119	6	110	65	137	155	7	376	260	210	315
510	6	2	442	169	169	266	3	71	130	154	228	4	456	20	103	167	5	243	21	75	119	6	110	65	137	155	7	376	260	210	315
511	6	2	442	169	169	266	3	71	130	154	228	4	456	20	103	167	5	243	21	75	119	6	110	65	137	155	7	376	260	210	315
512	6	2	442	169	169	266	3	71	130	154	228	4	456	20	103	167	5	243	21	75	119	6	110	65	137	155	7	376	260	210	315
513	6	2	442	169	169	266	3	71	130	154	228	4	456	20	103	167	5	243	21	75	119	6	110	65	137	155	7	376	260	210	315
514	6	2	442	169	169	266	3	71	130	154	228	4	456	20	103	167	5	243	21	75	119	6	110	65	137	155	7	376	260	210	315
515	6	2	442	169	169	266	3	71	130	154	228	4	456	20	103	167	5	243	21	75	119	6	110	65	137	155	7	373	293	200	282
516	6	2	442	169	169	266	3	71	130	154	228	4	456	20	103	167	5	243	21	75	119	6	110	65	137	155	7	373	293	200	282
517	6	2	442	169	169	266	3	71	130	154	228	4	456	20	103	167	5	243	21	75	119	6	110	65	137	155	7	373	293	200	282
518	6	2	442	169	169	266	3	71	130	154	228	4	456	20	103	167	5	243	21	75	119	6	110	65	137	155	7	373	293	200	282
519	6	2	442	169	169	266	3	71	130	154	228	4	456	20	103	167	5	243	21	75	119	6	110	65	137	155	7	373	293	200	282
520	6	2	442	169	169	266	3	71	130	154	228	4	456	20	103	167	5	243	21	75	119	6	110	65	137	155	7	373	293	200	282
521	6	2	442	169	169	266	3	71	130	154	228	4	456	20	103	167	5	243	21	75	119	6	110	65	137	155	7	373	293	200	282
522	6	2	442	169	169	266	3	71	130	154	228	4	456	20	103	167	5	243	21	75	119	6	110	65	137	155	7	373	293	200	282
523	6	2	442	169	169	266	3	71	130	154	228	4	456	20	103	167	5	243	21	75	119	6	110	65	137	155	7	373	293	200	282
524	6	2	442	169	169	266	3	71	130	154	228	4	456	20	103	167	5	243	21	75	119	6	110	65	137	155	7	373	293	200	282
525	6	2	442	169	169	266	3	71	130	154	228	4	456	20	103	167	5	243	21	75	119	6	110	65	137	155	7	356	313	203	262
526	6	2	442	169	169	266	3	71	130	154	228	4	456	20	103	167	5	243	21	75	119	6	110	65	137	155	7	356	313	203	262
527	6	2	442	169	169	266	3	71	130	154	228	4	456	20	103	167	5	243	21	75	119	6	110	65	137	155	7	356	313	203	262
528	6	2	442	169	169	266	3	71	130	154	228	4	456	20	103	167	5	243	21	75	119	6	110	65	137	155	7	356	313	203	262
529	6	2	442	169	169	266	3	71	130	154	228	4	456	20	103	167	5	243	21	75	119	6	110	65	137	155	7	356	313	203	262
530	6	2	442	169	169	266	3	71	130	154	228	4	456	20	103	167	5	243	21	75	119	6	110	65	137	155	7	356	313	203	262
531	6	2	442	169	169	266	3	71	130	154	228	4	456	20	103	167	5	243	21	75	119	6	110	65	137	155	7	356	313	203	262
532	6	2	442	169	169	266	3	71	130	154	228	4	456	20	103	167	5	243	21	75	119	6	110	65	137	155	7	356	313	203	262
533	6	2	442	169	169	266	3	71	130	154	228	4	456	20	103	167	5	243	21	75	119	6	110	65	137	155	7	348	298	209	277
534	6	2	442	169	169	266	3	71	130	154	228	4	456	20	103	167	5	243	21	75	119	6	110	65	137	155	7	348	298	209	277
535	6	2	442	169	169	266	3	71	130	154	228	4	456	20	103	167	5	243	21	75	119	6	110	65	137	155	7	348	298	209	277
536	6	2	442	169	169	266	3	71	130	154	228	4	456	20	103	167	5	243	21	75	119	6	110	65	137	155	7	348	298	209	277
537	6	2	442	169	169	266	3	71	130	154	228	4	456	20	103	167	5	243	21	75	119	6	110	65	137	155	7	348	298	209	277
538	6	2	442	169	169	266	3	71	130	154	228	4	456	20	103	167	5	243	21	75	119	6	110	65	137	155	7	348	298	209	277
539	6	2	442	169	169	266	3	71	130	154	228	4	456	20	103	167	5	243	21	75	119	6	110	65	137	155	7	348	298	209	277
540	6	2	442	169	169	266	3	71	130	154	228	4	456	20	103	167	5	243	21	75	119	6	110	65	137	155	7	348	298	209	277
541	6	2	442	169	169	266	3	71	130	154	228	4	456	20	103	167	5	243	21	75	119	6	110	65	137	155	7	348	298	209	277
542	6	2	442	169	169	266	3	71	130	154	228	4	456	20	103	167	5	243	21	75	119	6	110	65	137	155	7	348	298	209	277
543	6	2	442	169	169	266	3	71	130	154	228	4	456	20	103	167	5	243	21	75	119	6	110	65	137	155	7	348	298	209	277
544	6	2	442	169	169	266	3	71	130	154	228	4	456	20	103	167	5	243	21	75	119	6	110	65	137	155	7	348	298	209	277
545	6	2	442	169	169	266	3	71	130	154	228	4	456	20	103	167	5	243	21	75	119	6	110	65	137	155	7	348	298	209	277
546	6	2	442	169	169	266	3	71	130	154	228	4	456	20	103	167	5	243	21	75	119	6	110	65	137	155	7	348	298	209	277
547	6	2	442	169	169	266	3	71	130	154	228	4	456	20	103	167	5	243	21	75	119	6	110	65	137	155	7	348	298	209	277
548	6	2	442	169	169	266	3	71	130	154	228	4	456	20	103	167	5	243	21	75	119	6	110	65	137	155	7	348	298	209	277
549	6	2	442	169	169	266	3	71	130	154	228	4	456	20	103	167	5	243	21	75	119	6	110	65	137	155	7	348	298	209	277
550	6	2	442	169	169	266	3	71	130	154	228	4	456	20	103	167	5	243	21	75	119	6	110	65	137	155	7	348	298	209	277
551	6	2	442	169	169	266	3	71	130	154	228	4	456	20	103	167	5	243	21	75	119	6	110	65	137	155	7	348	298	209	277
552	6	2	442	169	169	266	3	71	130	154	228	4	456	20	103	167	5	243	21	75	119	6	110	65	137	155	7	348	298	209	277
553	6	2	442	169	169	266	3	71	130	154	228	4	456	20	103	167	5	243	21	75	119	6	110	65	137	155	7	348	298	209	277
554	6	2	442	169	169	266	3	71	130	154	228	4	456	20	103	167	5	243	21	75	119	6	110	65	137	155	7	348	298	209	277
555	6	2	442	169	169	266	3	71	130	154	228	4	456	20	103	167	5	243	21	75	119	6	110	65	137	155	7	348	298	209	277
556	6	2	442	169	169	266	3	71	130	154	228	4	456	20	103	167	5	243	21	75	119	6	110	65	137	155	7	348	298	209	277
557	6	2	442	169	169	266	3	71	130	154	228	4	456	20	103	167	5	243	21	75	119	6	110	65	137	155	7	349	328	225	247
558	6	2	442	169	169	266	3	71	130	154	228	4	456	20	103	167	5	243	21	75	119	6	110	65	137	155	7	349	328	225	247
559	6	2	442	169	169	266	3	71	130	154	228	4	456	20	103	167	5	243	21	75	119	6	110	65	137	155	7	349	328	225	247
560	6	2	442	169	169	266	3	71	130	154	228	4	456	20	103	167	5	243	21	75	119	6	110	65	137	155	7	349	328	225	247
561	6	2	442	169	169	266	3	71	130	154	228	4	456	20	103	167	5	243	21	75	119	6	110	65	137	155	7	349	328	225	247
562	6	2	442	169	169	266	3	71	130	154	228	4	456	20	103	167	5	243	21	75	119	6	110	65	137	155	7	349	328	225	247
563	6	2	442	169	169	266	3	71	130	154	228	4	456	20	103	167	5	243	21	75	119	6	110	65	137	155	7	349	328	225	247
564	6	2	442	169	169	266	3	71	130	154	228	4	456	20	103	167	5	243	21	75	119	6	110	65	137	155	7	366	345	209	230
565	6	2	442	169	169	266	3	71	130	154	228	4	456	20	103	167	5	243	21	75	119	6	110	65	137	155	7	366	345	209	230
566	6	2	442	169	169	266	3	71	130	154	228	4	456	20	103	167	5	243	21	75	119	6	110	65	137	155	7	384	358	213	217
567	6	2	442	169	169	266	3	71	130	154	228	4	456	20	103	167	5	243	21	75	119	6	110	65	137	155	7	384	358	213	217
568	6	2	442	169	169	266	3	71	130	154	228	4	456	20	103	167	5	243	21	75	119	6	110	65	137	155	7	384	358	213	217
569	6	2	442	169	169	266	3	71	130	154	228	4	456	20	103	167	5	243	21	75	119	6	110	65	137	155	7	384	358	213	217
570	6	2	442	169	169	266	3	71	130	154	228	4	456	20	103	167	5	243	21	75	119	6	110	65	137	155	7	384	358	213	217
571	6	2	442	169	169	266	3	71	130	154	228	4	456	20	103	167	5	243	21	75	119	6	110	65	137	155	7	384	358	213	217
572	6	2	442	169	169	266	3	71	130	154	228	4	456	20	103	167	5	243	21	75	119	6	110	65	137	155	7	384	358	213	217
573	6	2	442	169	169	266	3	71	130	154	228	4	456	20	103	167	5	243	21	75	119	6	110	65	137	155	7	384	358	213	217
574	6	2	442	169	169	266	3	71	130	154	228	4	456	20	103	167	5	243	21	75	119	6	110	65	137	155	7	384	358	213	217
575	6	2	442	169	169	266	3	71	130	154	228	4	456	20	103	167	5	243	21	75	119	6	110	65	137	155	7	384	358	213	217
576	6	2	442	169	169	266	3	71	130	154	228	4	456	20	103	167	5	243	21	75	119	6	110	65	137	155	7	384	358	213	217
577	6	2	442	169	169	266	3	71	130	154	228	4	456	20	103	167	5	243	21	75	119	6	110	65	137	155	7	384	358	213	217
578	6	2	442	169	169	266	3	71	130	154	228	4	456	20	103	167	5	243	21	75	119	6	110	65	137	155	7	384	358	213	217
579	6	2	442	169	169	266	3	71	130	154	228	4	456	20	103	167	5	243	21	75	119	6	110	65	137	155	7	384	358	213	217
580	6	2	442	169	169	266	3	71	130	154	228	4	456	20	103	167	5	243	21	75	119	6	110	65	137	155	7	384	358	213	217
581	6	2	442	169	169	266	3	71	130	154	228	4	456	20	103	167	5	243	21	75	119	6	110	65	137	155	7	384	358	213	217
582	6	2	442	169	169	266	3	71	130	154	228	4	456	20	103	167	5	243	21	75	119	6	110	65	137	155	7	384	358	213	217
583	6	2	442	169	169	266	3	71	130	154	228	4	456	20	103	167	5	243	21	75	119	6	110	65	137	155	7	384	358	213	217
584	6	2	442	169	169	266	3	71	130	154	228	4	456	20	103	167	5	243	21	75	119	6	110	65	137	155	7	384	358	213	217
585	6	2	442	169	169	266	3	71	130	154	228	4	456	20	103	167	5	243	21	75	119	6	110	65	137	155	7	392	338	213	237
586	6	2	442	169	169	266	3	71	130	154	228	4	456	20	103	167	5	243	21	75	119	6	110	65	137	155	7	392	338	213	237
587	6	2	442	169	169	266	3	71	130	154	228	4	456	20	103	167	5	243	21	75	119	6	110	65	137	155	7	392	338	213	237
588	6	2	442	169	169	266	3	71	130	154	228	4	456	20	103	167	5	243	21	75	119	6	110	65	137	155	7	392	338	213	237
589	6	2	442	169	169	266	3	71	130	154	228	4	456	20	103	167	5	243	21	75	119	6	110	65	137	155	7	392	338	213	237
590	6	2	442	169	169	266	3	71	130	154	228	4	456	20	103	167	5	243	21	75	119	6	110	65	137	155	7	392	338	213	237
591	6	2	442	169	169	266	3	71	130	154	228	4	456	20	103	167	5	243	21	75	119	6	110	65	137	155	7	392	338	213	237
592	6	2	442	169	169	266	3	71	130	154	228	4	456	20	103	167	5	243	21	75	119	6	110	65	137	155	7	393	316	213	260
593	6	2	442	169	169	266	3	71	130	154	228	4	456	20	103	167	5	243	21	75	119	6	110	65	137	155	7	393	316	213	260
594	6	2	442	169	169	266	3	71	130	154	228	4	456	20	103	167	5	243	21	75	119	6	110	65	137	155	7	393	316	213	260
595	6	2	442	169	169	266	3	71	130	154	228	4	456	20	103	167	5	243	21	75	119	6	110	65	137	155	7	393	316	213	260
596	6	2	442	169	169	266	3	71	130	154	228	4	456	20	103	167	5	243	21	75	119	6	110	65	137	155	7	393	316	213	260
597	6	2	442	169	169	266	3	71	130	154	228	4	456	20	103	167	5	243	21	75	119	6	110	65	137	155	7	393	316	213	260
598	6	2	442	169	169	266	3	71	130	154	228	4	456	20	103	167	5	243	21	75	119	6	110	65	137	155	7	377	295	230	281
599	6	2	442	169	169	266	3	71	130	154	228	4	456	20	103	167	5	243	21	75	119	6	110	65	137	155	7	377	295	230	281
